4294967279,51
4294967279,50
4294967279,274
4294967279,53
4294967279,52
4294967278,277
4294967279,57
4294967279,56
4294967279,55
4294967279,54
4294967279,65
4294967279,64
4294967279,63
4294967279,62
4294967279,61
4294967279,60
4294967279,59
4294967279,58
4294967278,353
4294967279,272
4294967278,268
4294967294,430
4294967278,266
4294967294,392
4294967294,46
4294967294,389
4294967294,115
4294967278,352
4294967278,267
4294967279,411
4294967279,410
4294967279,288
4294967279,70
4294967279,69
4294967279,68
4294967279,67
4294967279,66
4294967278,281
4294967279,268
4294967278,351
4294967279,409
4294967278,350
4294967279,286
4294967278,263
4294967279,265
4294967279,76
4294967279,75
4294967279,74
4294967279,73
4294967279,72
4294967279,71
4294967278,262
4294967278,349
4294967279,285
4294967278,348
4294967279,408
4294967278,347
4294967278,346
4294967279,84
4294967279,83
4294967279,82
4294967279,81
4294967279,80
4294967279,79
4294967279,78
4294967279,77
4294967279,284
4294967278,286
4294967279,275
4294967278,345
4294967279,258
4294967278,344
4294967279,407
4294967278,343
4294967279,257
4294967278,342
4294967279,406
4294967278,256
4294967279,405
4294967278,341
4294967279,256
4294967278,340
4294967279,404
4294967278,339
4294967279,91
4294967279,90
4294967279,89
4294967279,87
4294967279,86
4294967279,85
4294967279,403
4294967278,338
4294967279,402
4294967279,101
4294967279,100
4294967279,99
4294967279,98
4294967279,97
4294967279,96
4294967279,95
4294967279,94
4294967279,93
4294967279,92
4294967278,337
4294967279,401
4294967278,336
4294967279,252
4294967278,335
4294967279,251
4294967278,251
4294967279,249
4294967278,248
4294967279,248
4294967278,247
4294967279,247
4294967278,244
4294967279,244
4294967278,243
4294967279,243
4294967278,241
4294967279,241
4294967278,239
4294967279,400
4294967278,334
4294967279,239
4294967278,333
4294967279,106
4294967279,105
4294967279,104
4294967279,103
4294967279,102
4294967279,399
4294967278,235
4294967279,234
4294967278,232
4294967279,233
4294967278,231
4294967279,230
4294967279,113
4294967279,112
4294967279,111
4294967279,110
4294967279,229
4294967279,108
4294967279,107
4294967278,228
4294967279,109
4294967278,227
4294967278,225
4294967278,223
4294967278,221
4294967278,219
4294967278,217
4294967278,215
4294967278,332
4294967279,398
4294967278,212
4294967278,211
4294967278,331
4294967279,397
4294967278,209
4294967279,119
4294967279,118
4294967279,117
4294967279,116
4294967279,115
4294967279,114
4294967278,208
4294967279,396
4294967278,330
4294967279,395
4294967278,329
4294967278,328
4294967279,394
4294967278,204
4294967278,327
4294967279,393
4294967278,202
4294967279,129
4294967279,128
4294967279,127
4294967279,126
4294967279,125
4294967279,124
4294967279,123
4294967279,122
4294967279,121
4294967279,120
4294967278,326
4294967279,392
4294967278,325
4294967279,391
4294967278,324
4294967279,390
4294967278,323
4294967279,389
4294967278,322
4294967279,388
4294967278,321
4294967279,387
4294967278,320
4294967279,386
4294967278,319
4294967279,385
4294967278,318
4294967279,384
4294967278,317
4294967279,319
4294967278,316
4294967279,318
4294967278,315
4294967279,317
4294967278,314
4294967279,316
4294967278,313
4294967279,315
4294967278,312
4294967279,314
4294967278,311
4294967279,313
4294967278,310
4294967279,312
4294967278,309
4294967279,311
4294967278,308
4294967279,310
4294967278,4
4294967279,132
4294967279,131
4294967279,130
4294967278,307
4294967278,10
4294967278,9
4294967278,8
4294967278,7
4294967278,6
4294967278,5
4294967279,309
4294967278,306
4294967278,180
4294967278,179
4294967278,178
4294967278,177
4294967278,176
4294967278,175
4294967278,305
4294967279,308
4294967278,172
4294967278,16
4294967278,15
4294967278,14
4294967278,13
4294967278,12
4294967278,11
4294967278,171
4294967278,304
4294967279,307
4294967278,169
4294967278,168
4294967278,303
4294967279,306
4294967278,166
4294967278,165
4294967278,164
4294967278,163
4294967278,162
4294967278,161
4294967278,302
4294967279,305
4294967278,159
4294967278,17
4294967278,301
4294967279,304
4294967278,157
4294967278,300
2,4
4294967279,303
4294967278,21
4294967278,20
4294967278,19
4294967278,18
4294967278,299
4294967278,28
4294967278,27
4294967278,26
4294967278,25
4294967278,24
4294967278,23
4294967278,22
4294967279,302
4294967294,1421
4294967294,390
4294967279,301
4294967278,298
4294967294,472
4294967294,2
